hp 1 1 1 1 101 1 1 1 17 8
hp 2 1 1 1 101 1 1 1 17 8
hp 3 2 2 1 101 1 1 1 17 8
hp 4 2 2 1 101 1 1 1 17 8
hp 5 3 3 1 101 1 1 1 17 8
hp 6 3 3 1 101 1 1 1 17 8
hp 7 4 4 1 101 1 1 1 17 8
hp 8 4 4 1 101 1 1 1 17 8
hp 9 5 5 1 101 1 1 1 17 8
hp 10 5 5 1 101 1 1 1 17 8
hp 11 6 6 1 101 1 1 1 17 8
hp 12 6 6 1 101 1 1 1 17 8
hp 13 7 7 1 101 1 1 1 17 8
hp 14 7 7 1 101 1 1 1 17 8
hp 15 8 8 1 101 1 1 1 17 8
hp 16 8 8 1 101 1 1 1 17 8
hp 17 9 9 1 101 1 1 1 17 8
hp 18 9 9 1 101 1 1 1 17 8
hp 19 10 10 1 101 1 1 1 17 8
hp 20 10 10 1 101 1 1 1 17 8
hp 21 11 11 1 101 1 1 1 17 8
hp 22 11 11 1 101 1 1 1 17 8
hp 23 12 12 1 101 1 1 1 17 8
hp 24 12 12 1 101 1 1 1 17 8
hp 25 13 13 1 101 1 1 1 17 8
hp 26 13 13 1 101 1 1 1 17 8
hp 27 14 14 1 101 1 1 1 17 8
hp 28 14 14 1 101 1 1 1 17 8
hp 29 15 15 1 101 1 1 1 17 8
hp 30 15 15 1 101 1 1 1 17 8
hp 31 16 16 1 101 1 1 1 17 8
hp 32 16 16 1 101 1 1 1 17 8
hp 33 17 17 1 101 1 1 1 17 8
hp 34 17 17 1 101 1 1 1 17 8
hp 35 18 18 1 101 1 1 1 17 8
hp 36 18 18 1 101 1 1 1 17 8
hp 37 19 19 1 101 1 1 1 17 8
hp 38 19 19 1 101 1 1 1 17 8
hp 39 20 20 1 101 1 1 1 17 8
hp 40 20 20 1 101 1 1 1 17 8
hp 41 21 21 1 101 1 1 1 17 8
hp 42 21 21 1 101 1 1 1 17 8
hp 43 22 22 1 101 1 1 1 17 8
hp 44 22 22 1 101 1 1 1 17 8
hp 45 23 23 1 101 1 1 1 17 8
hp 46 23 23 1 101 1 1 1 17 8
hp 47 24 24 1 101 1 1 1 17 8
hp 48 24 24 1 101 1 1 1 17 8
hp 49 25 25 1 101 1 1 1 17 8
hp 50 25 25 1 101 1 1 1 17 8
hp 51 26 26 1 101 1 1 1 17 8
hp 52 26 26 1 101 1 1 1 17 8
hp 53 27 27 1 101 1 1 1 17 8
hp 54 27 27 1 101 1 1 1 17 8
hp 55 28 28 1 101 1 1 1 17 8
hp 56 28 28 1 101 1 1 1 17 8
hp 57 29 29 1 101 1 1 1 17 8
hp 58 29 29 1 101 1 1 1 17 8
hp 59 30 30 1 101 1 1 1 17 8
hp 60 30 30 1 101 1 1 1 17 8
hp 61 31 31 1 101 1 1 1 17 8
hp 62 31 31 1 101 1 1 1 17 8
hp 63 32 32 1 101 1 1 1 17 8
hp 64 32 32 1 101 1 1 1 17 8
hp 65 33 33 1 101 1 1 1 17 8
hp 66 33 33 1 101 1 1 1 17 8
hp 67 34 34 1 101 1 1 1 17 8
hp 68 34 34 1 101 1 1 1 17 8
hp 69 35 35 1 101 1 1 1 17 8
hp 70 35 35 1 101 1 1 1 17 8
hp 71 36 36 1 101 1 1 1 17 8
hp 72 36 36 1 101 1 1 1 17 8
hp 73 37 37 1 101 1 1 1 17 8
hp 74 37 37 1 101 1 1 1 17 8
hp 75 38 38 1 101 1 1 1 17 8
hp 76 38 38 1 101 1 1 1 17 8
hp 77 39 39 1 101 1 1 1 17 8
hp 78 39 39 1 101 1 1 1 17 8
hp 79 40 40 1 101 1 1 1 17 8
hp 80 40 40 1 101 1 1 1 17 8
hp 81 41 41 1 101 1 1 1 17 8
hp 82 41 41 1 101 1 1 1 17 8
hp 83 42 42 1 101 1 1 1 17 8
hp 84 42 42 1 101 1 1 1 17 8
hp 85 43 43 1 101 1 1 1 17 8
hp 86 43 43 1 101 1 1 1 17 8
hp 87 44 44 1 101 1 1 1 17 8
hp 88 44 44 1 101 1 1 1 17 8
hp 89 45 45 1 101 1 1 1 17 8
hp 90 45 45 1 101 1 1 1 17 8
hp 91 46 46 1 101 1 1 1 17 8
hp 92 46 46 1 101 1 1 1 17 8
hp 93 47 47 1 101 1 1 1 17 8
hp 94 47 47 1 101 1 1 1 17 8
hp 95 48 48 1 101 1 1 1 17 8
hp 96 48 48 1 101 1 1 1 17 8
hp 97 49 49 1 101 1 1 1 17 8
hp 98 49 49 1 101 1 1 1 17 8
hp 99 50 50 1 101 1 1 1 17 8
hp 100 50 50 1 101 1 1 1 17 8
hp 101 51 51 1 101 1 1 1 17 8
hp 102 51 51 1 101 1 1 1 17 8
hp 103 52 52 1 101 1 1 1 17 8
hp 104 52 52 1 101 1 1 1 17 8
hp 105 53 53 1 101 1 1 1 17 8
hp 106 53 53 1 101 1 1 1 17 8
hp 107 54 54 1 101 1 1 1 17 8
hp 108 54 54 1 101 1 1 1 17 8
hp 109 55 55 1 101 1 1 1 17 8
hp 110 55 55 1 101 1 1 1 17 8
hp 111 56 56 1 101 1 1 1 17 8
hp 112 56 56 1 101 1 1 1 17 8
hp 113 57 57 1 101 1 1 1 17 8
hp 114 57 57 1 101 1 1 1 17 8
hp 115 58 58 1 101 1 1 1 17 8
hp 116 58 58 1 101 1 1 1 17 8
hp 117 59 59 1 101 1 1 1 17 8
hp 118 59 59 1 101 1 1 1 17 8
hp 119 60 60 1 101 1 1 1 17 8
hp 120 60 60 1 101 1 1 1 17 8
hp 121 61 61 1 101 1 1 1 17 8
hp 122 61 61 1 101 1 1 1 17 8
hp 123 62 62 1 101 1 1 1 17 8
hp 124 62 62 1 101 1 1 1 17 8
hp 125 63 63 1 101 1 1 1 17 8
hp 126 63 63 1 101 1 1 1 17 8
hp 127 64 64 1 101 1 1 1 17 8
hp 128 64 64 1 101 1 1 1 17 8
hp 129 65 65 1 101 1 1 1 17 8
hp 130 65 65 1 101 1 1 1 17 8
hp 131 66 66 1 101 1 1 1 17 8
hp 132 66 66 1 101 1 1 1 17 8
hp 133 67 67 1 101 1 1 1 17 8
hp 134 67 67 1 101 1 1 1 17 8
hp 135 68 68 1 101 1 1 1 17 8
hp 136 68 68 1 101 1 1 1 17 8
hp 137 69 69 1 101 1 1 1 17 8
carried 1 2 1
player 10 10 clone 1 2 0 3 1
captive 3 8 3 1
