0 0
65536 3
131072 6
196608 9
262144 12
327680 15
393216 18
458752 21
524288 24
589824 27
655360 30
720896 33
786432 36
851968 39
917504 42
983040 45
1048576 48
1114112 51
1179648 54
1245184 57
1310720 60
1376256 63
1441792 66
1507328 69
1572864 72
1638400 75
1703936 78
1769472 81
1835008 84
1900544 87
1966080 90
2031616 93
2097152 96
2162688 99
2228224 102
2293760 105
2359296 108
2424832 111
2490368 114
2555904 117
2621440 120
2686976 123
2752512 126
2818048 129
2883584 132
2949120 135
3014656 138
3080192 141
3145728 144
3211264 147
3276800 150
1 0
21845 0
21846 1
65535 2
65537 3
152917 6
